"sex"	"age"	"birthplace"	"shoesize"	"service"	"smoking"	"avgrade"	"bafög"	"soccer"	"applynumb"	"acceptnumb"	"car"	"sleep"	"religion"	"job"	"unieval"	"cityeval"	"rent"	"abroadbefore"	"master"	"exchange"	"faith"	"brothsis"	"friend"	"animal"	"howareyou"	"work"	"tv"	"party"	"parentseducat"	"parentsstudy"	"parentsphd"	"languages"	"travel"	"height"	"weight"	"cooking"	"profession"	"meat"	"alternative"	"eggs"	"studyfine"	"newspaper"	"information"	"soccommit"	"econconcept"
"1"	0	21	3	42	0	0	1.7	1	2	3	3	0	7	5	0	2	3	285	1	1	2	-2	2	0	1	0	2	0	5	3	1	0	4	3	175	75	3	0	1	3	4	1	2	1	1	1
"2"	0	19	1	42	0	0	1.9	0	0	2	2	0	8	5	0	1	1	0	0	0	-1	2	3	0	1	2	5	2	4	2	0	0	2	0	182	63	2	0	1	5	2	0	8	2	0	1
"3"	0	21	4	45	2	0	1.8	0	6	4	4	0	7	1	0	2	3	245	1	2	1	1	1	0	1	1	2	0	6	3	1	1	3	2	187	77	4	0	1	3	0	-1	1	4	1	1
"4"	0	20	1	46	0	0	1.5	0	6	7	7	1	8	2	0	2	3	275	0	2	2	-1	1	0	1	1	8	4	1	3	1	0	3	3	197	82	4	0	1	3	3	2	3	1	0	1
"5"	0	19	6	45	0	0	1.2	0	0	3	3	0	7.5	2	0	3	4	225	0	2	2	-1	1	0	0	0	5	2	2	3	1	0	2	0	182	60	3	0	1	4	0	0	9	4	1	1
"6"	0	19	3	46	0	0	1.7	0	1	3	3	1	8	5	0	3	4	310	1	2	1	0	0	0	1	1	5	20	3	3	1	1	3	1	182	85	5	0	1	3	0	1	3	4	1	1
"7"	0	22	1	43	0	0	1.8	0	1	8	7	0	7.5	1	1	1	2	360	0	2	1	2	1	1	1	2	8	4	3	3	1	0	3	1	180	70	2	0	1	1	3	2	3	1	0	1
"8"	0	19	4	48	0	0	1.7	0	1	5	4	0	9	1	0	2	3	235	0	0	0	-1	1	0	0	1	5	1	3	2	0	0	1	1	200	84	3	0	1	3	1	1	3	4	0	0
"9"	1	19	3	39	0	0	1	0	2	1	1	0	7	5	2	1	2	210	0	2	1	0	2	1	0	1	12	3	1	3	1	1	2	4	168	55	3	0	1	3	3	1	3	1	0	0
"10"	0	19	5	43	0	0	1.1	0	3	3	3	0	6	5	0	2	3	280	0	2	0	-2	0	0	0	0	7	25	5	3	1	0	2	2	180	73	3	0	1	3	4	2	3	4	1	1
"11"	0	21	1	43	2	0	2.2	0	3	5	4	1	6.5	1	1	2	3	0	0	1	2	2	1	0	1	1	16	8	1	3	1	0	2	3	181	78	2	0	1	2	3	1	8	2	1	1
"12"	0	20	3	49	0	1	1	0	2	6	4	0	8	5	0	1	2	180	1	1	-1	2	1	0	0	0	10	3	5	3	1	0	2	6	189	79	2	0	1	4	1	0	3	4	0	-1
"13"	1	21	2	38	0	0	2.2	0	2	6	5	0	7.5	1	0	2	2	295	0	1	1	1	2	0	1	1	16	5	2	3	1	0	2	0	171	65	3	0	1	2	1	0	8	3	0	-1
"14"	0	20	6	44	0	0	1.9	1	4	15	13	0	8	5	0	2	3	0	1	1	2	-2	1	0	1	1	10	28	2	2	0	0	3	2	170	74	5	0	1	3	1	1	4	1	0	1
"15"	0	20	3	43	0	0	1.9	0	6	2	2	0	7	2	0	2	3	0	0	1	0	-1	1	0	1	0	2	1	3	3	1	0	1	2	182	68	5	0	1	1	0	1	3	4	1	0
"16"	0	21	4	42	1	0	1.8	1	2	3	2	1	6.5	2	0	2	3	230	0	1	2	2	1	0	1	1	10	5	2	1	0	0	1	1	175	76	4	0	1	3	1	1	8	1	0	1
"17"	0	21	4	42	2	0	1.9	0	4	3	2	0	8	2	0	2	3	230	0	2	1	-1	1	1	0	1	6	3	3	3	1	1	2	1	176	65	3	0	1	3	0	1	3	5	1	1
"18"	0	21	5	43	0	0	1.1	0	1	1	1	0	8	2	0	1	4	420	1	1	0	1	1	1	0	1	8	4	1	3	1	1	2	1	184	60	2	0	1	1	1	2	8	4	1	1
"19"	0	20	3	45	0	0	1.8	0	0	4	4	0	8	5	0	2	2	215	0	2	2	1	0	0	1	2	5	2	3	3	0	0	2	3	187	70	4	0	1	3	1	1	3	0	1	2
"20"	0	21	1	45	0	0	1.8	0	1	7	6	0	8	1	0	1	3	590	0	2	0	-2	0	0	1	1	14	8	1	2	0	0	2	2	196	85	3	0	1	4	2	1	3	4	1	1
"21"	0	22	1	42	0	1	1.9	1	1	8	8	1	7	1	0	1	2	280	1	1	0	-2	2	0	1	1	10	15	2	2	0	0	3	2	172	80	2	0	1	4	3	2	9	2	0	2
"22"	0	21	1	41	0	0	1.8	0	2	2	2	0	6	2	1	1	2	0	0	2	0	1	0	0	1	-1	15	5	1	3	1	0	2	0	168	61.7	4	0	1	1	0	1	3	2	1	2
"23"	0	20	1	44	2	0	2.3	0	1	3	2	0	9	2	0	1	2	0	0	1	1	0	2	0	0	2	6	2	6	3	1	1	2	2	180	70	3	0	1	1	3	2	9	4	0	1
"24"	0	20	3	45	0	0	1.6	0	1	3	3	0	7	2	0	2	2	0	0	0	0	-1	1	0	1	0	10	10	3	2	0	0	2	0	193	78	4	0	1	3	0	2	9	2	1	2
"25"	0	22	1	45	0	0	2	0	2	13	10	0	8	1	2	1	2	335	0	1	2	2	0	0	1	1	10	2	2	3	1	0	3	1	187	95	2	0	1	1	3	1	9	5	0	1
"26"	0	22	3	41	0	0	2	0	3	20	20	1	7	3	0	2	2	350	0	2	1	1	1	0	1	1	18	1	2	3	1	0	2	1	166	60	2	1	1	2	3	1	3	4	1	1
"27"	0	27	1	42	2	0	3.5	0	2	1	1	1	8	2	0	3	1	0	0	0	-1	2	1	0	1	1	14	20	4	3	1	0	1	1	173	80	3	0	0	0	3	1	9	5	0	-1
"28"	0	22	3	47	0	0	1.4	0	4	2	2	0	8	2	0	2	4	210	0	1	-1	-2	1	0	0	1	20	5	3	3	1	0	3	1	194	80	3	0	1	2	0	1	3	1	0	1
"29"	0	18	4	47	0	0	1	0	2	3	3	1	7.5	2	0	1	1	275	0	2	0	2	1	0	0	2	30	4	1	3	1	0	3	0	180	92	4	0	1	0	0	2	8	2	1	2
"30"	0	21	1	42	0	0	2.3	0	4	4	4	0	7	3	0	2	3	225	0	1	-1	2	3	1	0	1	25	2	3	3	0	0	2	0	171	56	3	0	1	1	0	2	8	4	0	1
"31"	0	20	2	42	0	0	2.2	0	0	4	4	1	7.5	1	0	2	1	210	0	1	-1	-2	1	0	0	1	3	0.5	2	1	0	0	2	1	177	60	3	0	1	0	1	2	9	4	0	2
"32"	0	22	4	43	2	0	1.7	0	5	3	3	0	7	1	0	3	2	250	0	1	2	1	3	1	1	1	14	7	1	3	1	1	2	1	182	70	2	0	1	1	3	0	3	4	1	1
"33"	0	21	1	42	2	0	2.2	0	6	4	3	0	8.5	1	0	2	3	225	0	0	-1	1	1	0	0	1	18	7	3	3	1	0	3	0	176	72	2	0	1	4	2	2	3	4	1	2
"34"	0	20	5	44	2	0	1.4	0	3	4	4	0	6	2	2	1	3	245	0	2	1	2	1	0	1	2	4	5	1	3	1	0	1	0	184	86	1	0	1	4	2	2	3	4	1	1
"35"	1	20	3	36	0	0	2.1	0	1	2	2	0	9	2	0	1	3	293	1	0	-1	2	1	1	0	2	20	10	5	2	0	0	3	1	160	55	2	0	1	3	3	1	8	5	0	1
"36"	0	19	7	43	0	0	2.1	0	1	4	3	0	8	1	1	1	3	210	0	2	1	1	2	1	0	2	12	4	2	3	0	0	3	1	187	64	2	0	1	3	3	1	3	2	1	1
"37"	0	19	5	43	0	0	2	0	4	2	2	0	8	5	0	4	4	280	0	0	-2	-1	2	0	1	0	3	20	2	3	1	0	3	0	178	65	4	0	1	3	0	0	9	5	0	0
"38"	1	19	1	38	0	0	1.1	0	2	4	4	0	8	1	0	2	3	350	0	1	2	0	2	0	1	1	3	2	3	3	1	1	3	1	165	53	1	0	1	1	3	1	2	2	0	1
"39"	0	19	1	42	0	0	1.7	1	4	10	10	0	6	4	0	2	2	250	0	2	2	2	1	0	1	2	20	7	2	3	1	1	4	0	172	62	3	0	1	4	0	1	9	5	0	1
"40"	0	21	4	44	0	0	1.1	0	1	1	1	0	7	1	2	2	2	240	1	2	0	2	2	1	1	1	25	6	1	3	1	0	2	2	186	80	2	0	1	4	2	1	2	1	1	1
"41"	0	20	1	44	1	0	1.3	1	6	1	1	0	8	1	0	2	3	210	0	2	2	1	3	0	1	2	15	3	1	3	1	0	2	3	184	73	1	0	1	3	2	2	3	5	1	1
"42"	0	22	3	43.5	3	1	2	0	0	3	2	0	9.5	1	1	1	4	300	0	1	2	-2	1	1	1	1	10	10	5	3	1	1	2	1	183	73	2	0	1	4	4	1	8	2	1	1
"43"	1	19	5	39	0	1	2.2	0	3	5	3	0	8.5	2	0	1	5	345	0	2	2	0	2	1	1	1	18	3	1	3	1	1	1	3	165	57	1	0	1	4	3	1	3	2	0	1
"44"	0	21	4	46	0	0	2.4	0	2	6	5	0	8	1	0	1	3	210	0	2	1	-1	1	0	1	2	14	8	2	3	1	0	2	0	187	80	4	0	1	3	2	2	3	2	1	1
"45"	0	21	4	42	3	0	1.5	1	0	1	1	0	7	2	0	2	3	225	1	2	2	2	1	0	1	2	14	7	1	2	0	0	2	3	175	70	4	0	1	1	2	2	3	5	1	1
"46"	1	21	3	42	0	0	1.8	0	0	3	3	0	7	1	2	2	2	230	1	1	2	1	1	0	0	1	5	2	5	3	1	0	2	1	176	75	2	0	1	3	3	1	5	2	1	1
"47"	0	21	1	43	2	0	2	0	2	8	6	1	8	1	0	1	2	240	0	2	-2	1	0	1	1	2	30	7	1	1	0	0	3	1	178	80	2	0	1	1	2	2	9	5	0	1
"48"	0	24	4	45	3	0	2.2	0	1	10	8	0	8	1	4	3	2	220	1	2	2	-2	1	1	1	2	15	2	5	3	1	0	3	2	185	55	2	0	1	3	3	2	8	5	1	1
"49"	0	21	5	45	2	0	1.1	0	1	4	4	0	7	5	1	2	3	250	0	2	0	-2	0	1	1	1	10	8	2	3	1	0	2	1	200	98	4	0	1	3	3	2	2	4	0	1
"50"	0	20	1	46	2	1	1.5	0	1	12	12	0	8	5	0	1	4	230	0	2	-1	-2	0	1	1	1	10	3	3	3	1	1	2	1	184	90	1	0	1	4	4	0	3	4	0	-1
"51"	0	20	1	44	2	0	1.8	0	1	5	4	0	8	1	0	2	3	215	0	0	2	1	1	1	0	1	10	2	1	1	0	0	2	3	188	76	3	0	1	5	4	0	9	4	0	0
"52"	1	21	1	37	0	0	2.1	0	1	2	2	1	8	2	1	1	2	330	1	1	2	1	0	1	0	1	15	3	1	3	0	0	4	1	168	50	1	0	1	4	4	1	3	5	1	2
"53"	0	19	2	43	0	0	1	0	2	1	1	0	8.5	1	0	2	3	330	0	1	0	-2	1	0	0	-1	0.5	21	2	3	1	1	2	3	190	80	1	0	1	5	3	-2	2	2	0	0
"54"	1	20	1	37	0	0	1	0	0	2	2	1	8	1	0	2	3	290	0	1	0	1	1	1	0	1	16	2	1	3	1	0	3	2	168	52	2	0	1	5	1	0	9	0	1	0
"55"	1	20	1	39	0	1	2.1	0	0	2	2	0	7	2	2	1	2	220	0	1	2	-1	2	1	1	2	3	0.5	5	2	0	0	4	0	177	60	3	0	1	3	3	2	8	4	0	1
"56"	1	19	3	41	0	0	1.8	0	2	4	4	0	8	5	0	4	3	170	0	2	1	-2	0	1	0	0	28	1.4	2	3	1	0	3	2	180	63	2	0	1	5	4	0	3	5	0	0
"57"	0	20	4	47	0	0	1.8	1	2	2	2	1	8.5	2	0	1	3	325	0	2	2	2	2	0	0	2	35	7	1	3	0	0	3	0	188	72	2	0	1	4	0	2	3	4	0	2
"58"	0	21	4	47	2	0	1.5	1	1	1	1	0	7	1	0	1	3	340	0	2	1	1	2	1	0	1	30	10	1	3	1	0	3	0	191	89	4	0	1	2	3	2	9	2	1	2
"59"	1	21	6	40	0	0	1.6	0	2	3	3	0	9	5	2	3	2	320	0	1	-1	1	0	1	0	2	14	21	1	2	1	0	2	1	180	60	1	0	1	5	1	-1	9	4	0	1
"60"	1	20	1	43	2	0	2.5	0	3	7	3	1	7	2	0	2	3	0	0	1	0	0	2	0	0	1	10	14	1	3	1	1	2	0	180	70	3	0	1	3	3	-1	2	1	0	0
"61"	1	19	4	41	3	1	1.7	0	6	3	2	0	8	1	0	1	3	230	0	0	1	1	2	1	0	2	15	0.5	5	3	1	0	2	1	176	65	2	0	1	3	4	1	6	3	1	1
"62"	0	21	6	44	2	0	1.6	0	2	5	5	0	7	2	0	2	3	235	0	2	-1	2	2	1	0	1	12	4	3	3	1	1	2	2	180	74	4	0	0	3	3	1	8	1	1	2
"63"	0	23	3	43	0	0	2.1	0	2	7	6	0	7	2	0	2	3	305	1	1	0	1	1	1	1	1	20	3	3	3	1	1	3	2	181	78	3	1	1	1	4	2	3	4	0	1
"64"	0	21	3	43	2	1	1.8	0	5	2	2	0	8	1	1	1	3	220	1	1	1	-1	1	0	1	1	16	3	2	3	1	0	2	2	178	68	3	0	1	3	3	1	3	5	0	1
"65"	0	22	1	44	2	0	1.9	0	1	11	10	1	12	1	3	2	3	0	0	1	2	-2	1	1	0	0	2	20	5	2	0	0	2	1	183	86	3	0	1	3	0	1	8	5	1	0
"66"	0	21	2	43	2	0	1.3	1	2	2	2	1	7.5	1	2	2	3	180	0	0	1	2	1	1	1	2	12	7	1	1	0	0	3	1	179	68	2	0	1	1	1	2	2	4	1	1
"67"	0	21	1	44	1	0	1.8	1	3	4	4	1	7	1	0	2	3	340	0	2	1	0	2	0	1	1	12	0	2	3	1	0	3	0	182	74	4	0	1	4	4	2	2	1	1	2
"68"	1	22	1	37	0	0	1.9	0	0	3	3	1	7	1	0	2	3	370	1	2	-1	2	0	1	1	1	10	3	1	3	0	0	3	1	163	48	3	0	1	2	3	1	3	2	1	0
"69"	1	19	2	41	0	0	1.7	0	0	14	13	0	7.5	2	2	2	2	280	1	2	1	-1	3	0	1	1	10	5	1	3	1	1	2	3	177	58	3	0	1	2	0	1	2	4	1	1
"70"	0	21	1	44	2	0	1.2	0	0	1	1	1	8	1	1	2	3	200	0	2	-1	1	1	0	1	1	11	3.5	2	3	1	0	4	1	188	74	2	0	1	4	4	1	5	5	1	1
"71"	0	21	1	43	2	0	1.7	1	2	5	5	0	7.5	5	0	2	3	230	0	2	2	2	2	0	0	1	11	10	2	3	1	0	1	1	180	85	2	0	1	4	4	2	1	4	0	1
"72"	0	20	1	44.5	2	0	2.2	0	2	5	2	0	9	1	0	2	4	220	0	1	1	1	1	1	1	1	15	3	5	3	1	0	2	1	189	70	3	0	1	5	4	1	8	4	0	1
"73"	1	20	4	39	0	0	1.4	0	2	4	4	0	7	1	0	2	2	275	0	2	0	-2	2	0	1	1	3	2	5	3	1	1	4	1	177	60	4	0	1	3	4	1	2	4	1	1
"74"	1	19	5	36	0	0	1.3	0	0	3	3	0	5	5	0	1	2	180	0	2	2	-1	1	0	0	1	10	1	3	3	0	0	2	1	158	44	5	0	0	2	4	1	6	2	0	1
"75"	0	20	1	40	0	0	1.7	0	2	3	3	0	8	1	0	3	4	220	0	1	2	2	0	1	0	1	10	2	6	3	1	0	4	3	183	75	3	0	1	4	0	1	9	4	1	1
"76"	0	21	1	45	0	0	2.5	0	0	1	1	0	6	2	0	3	3	300	0	0	0	-2	0	0	1	0	4	3	5	3	1	1	2	3	180	65	3	0	1	0	0	0	9	4	0	0
"77"	1	20	3	40	0	0	2.3	1	6	4	4	1	7	5	2	1	1	0	0	0	1	2	2	1	0	2	8	3	5	1	0	0	2	2	170	60	2	0	1	1	2	1	8	1	0	1
"78"	0	20	4	47	0	1	1.9	0	0	6	6	1	6	5	0	2	3	300	1	1	1	-2	1	1	1	1	10	9	2	3	1	1	2	3	187	110	2	0	1	3	3	2	3	4	1	2
"79"	0	21	5	44	2	0	2.1	0	2	8	6	0	7	1	0	2	2	270	0	0	1	-1	1	1	0	1	20	5	2	3	1	0	1	1	186	85	2	0	1	1	2	0	7	1	0	1
"80"	1	19	1	41	0	0	1.7	0	0	4	3	0	10	1	2	1	1	0	0	1	2	1	1	1	0	1	7	4	2	2	0	0	4	1	170	70	2	0	1	1	3	1	9	5	0	1
"81"	0	21	3	42	2	1	1.7	0	0	4	4	0	8	1	3	1	3	275	0	1	2	2	1	1	0	1	7	0	2	3	1	0	2	0	182	73	3	0	1	1	4	1	3	4	1	1
"82"	0	24	2	42	2	0	2.7	0	1	15	10	0	9	1	0	2	2	105	1	0	2	1	1	0	0	1	10	0	1	3	1	0	2	3	180	80	1	1	1	1	3	2	4	4	1	1
"83"	0	21	3	43	1	1	1.8	0	2	4	4	0	7	5	3	2	3	166	0	2	2	-2	4	1	0	1	6	6	5	3	1	1	2	2	179	80	2	0	1	3	3	2	9	1	0	1
"84"	0	23	1	43	2	1	1.3	0	0	1	1	0	7	5	0	1	3	400	1	1	1	-2	1	1	1	2	30	0	6	3	1	1	2	1	179	75	4	0	1	3	0	2	9	4	0	1
"85"	0	21	2	40	2	0	2.1	0	1	8	8	0	6	1	0	2	2	300	1	2	2	-2	1	0	1	-1	10	0	3	3	1	0	3	3	182	64	2	0	1	2	2	2	2	4	1	1
"86"	1	19	3	37	0	0	1.3	0	2	3	3	0	8	5	0	1	3	230	0	0	1	-1	0	1	0	1	16	5	5	3	0	0	3	1	170	58	3	0	1	1	4	1	9	2	0	1
"87"	0	19	7	45	0	0	1.1	0	2	1	1	0	7	3	0	2	4	230	0	2	2	1	0	0	1	1	15	0	2	3	1	1	5	3	180	82	5	0	1	1	0	1	9	5	0	1
"88"	0	20	1	45	0	0	1.8	0	2	5	5	0	10	1	0	2	2	270	1	1	0	0	1	0	1	0	1	7	5	3	1	0	3	3	187	81	1	0	1	3	3	-1	1	0	0	0
"89"	0	20	1	44	2	0	1.4	0	3	2	2	1	7	2	2	1	3	300	1	2	2	2	2	1	1	2	15	8	3	3	1	1	3	4	184	72	2	0	1	5	2	1	2	4	1	2
"90"	0	21	1	44	2	1	2.1	0	2	3	3	0	8	2	0	2	3	285	1	2	1	1	1	0	0	1	12	3	2	3	1	1	2	3	180	70	2	0	1	3	0	1	2	5	1	1
"91"	0	21	5	45	0	1	2	0	3	6	5	0	8	2	0	1	2	300	0	2	2	1	1	0	1	1	10	5	1	3	1	0	1	2	193	80	3	1	1	1	3	1	4	4	1	1
"92"	0	21	3	43	3	1	1.7	0	2	2	2	1	7	2	0	2	3	265	0	0	1	-2	1	1	0	1	10	10	6	2	1	0	3	0	178	78	2	0	1	4	0	1	5	4	0	0
"93"	0	19	3	44	0	0	1.2	0	2	3	3	0	7	2	0	2	2	230	1	1	1	-2	3	0	0	2	3	0	5	3	1	1	4	2	188	85	2	0	0	4	4	1	3	4	0	-1
"94"	0	19	4	43	0	0	1	0	1	2	2	0	8	1	0	1	3	250	0	2	2	1	0	1	1	1	5	3.5	3	3	1	0	4	1	183	68	1	0	1	3	4	1	3	2	1	0
"95"	0	20	4	44	0	0	1.3	0	3	3	3	0	7	1	0	1	3	380	1	2	1	1	0	0	1	2	10	11	3	3	1	0	3	1	180	73	4	0	1	5	4	1	2	4	0	1
"96"	1	19	1	40	0	1	2.3	0	3	5	4	0	6	2	0	1	2	370	0	1	1	1	1	0	1	2	5	2	2	3	1	0	3	2	170	65	4	0	1	3	0	0	4	4	0	2
"97"	0	25	1	43	0	0	3.4	0	1	3	3	1	7	5	0	2	3	0	1	0	2	-2	0	0	0	0	10	10	2	3	0	0	2	2	182	75	3	1	1	3	0	0	9	4	1	0
"98"	0	21	2	43	2	0	1.4	0	1	1	1	0	8	1	0	1	2	274	1	2	2	1	1	1	1	2	5	0	3	3	1	1	3	4	184	74	1	0	1	1	4	2	3	1	0	1
"99"	0	26	1	44	2	0	1.6	0	2	5	4	0	8	2	0	2	3	315	1	0	-1	0	1	0	1	0	10	1.5	1	3	1	1	4	1	185	78	2	1	1	2	2	0	3	1	0	1
"100"	0	20	6	45	0	0	1.4	1	4	4	4	0	8	5	0	1	2	280	0	2	1	-2	1	0	0	1	8	2	2	3	1	0	4	1	180	65	3	0	1	3	0	2	3	4	0	2
"101"	0	21	6	43	0	1	2.2	0	1	3	3	0	6	2	0	1	2	300	0	1	2	1	1	0	0	1	10	5	1	3	1	0	2	1	180	72	4	0	1	5	3	2	3	4	0	1
"102"	0	23	4	45	2	1	2	1	1	10	10	0	8	1	0	2	3	290	1	-1	2	1	2	0	1	0	5	5	3	2	0	0	2	2	186	72	5	1	1	4	0	0	9	4	0	0
"103"	0	21	3	44	0	0	2.3	1	2	4	2	0	6	3	2	3	2	0	0	1	0	0	6	1	1	1	10	1	4	1	0	0	4	2	175	74	4	0	1	1	1	0	8	4	0	-1
"104"	1	20	4	38	0	0	2	0	0	5	5	0	7	1	0	2	2	240	1	2	2	0	1	1	1	1	10	3	5	3	1	0	3	1	165	50	3	0	0	3	4	0	2	4	1	0
"105"	0	21	3	42	2	0	1.6	0	3	1	1	1	8	2	2	1	1	0	1	2	2	0	2	0	0	1	6	10	3	3	1	1	3	3	168	63	1	0	1	4	4	2	3	4	0	2
"106"	1	20	3	38	0	0	2	0	0	8	6	0	6	2	0	1	3	300	1	2	2	2	1	1	0	1	7	0	2	3	1	1	3	4	164	50	3	0	1	2	3	1	3	1	0	1
"107"	0	22	1	44	2	0	1.9	1	1	2	2	0	7	1	0	2	2	250	0	0	-1	2	1	1	1	1	5	10	2	3	1	0	2	2	177	78	3	0	1	1	4	1	7	2	0	1
"108"	0	23	1	46	2	0	2.7	0	1	3	3	0	9	1	0	1	1	215	0	0	-1	2	1	0	1	2	14	12	1	3	0	0	3	0	183	69	4	1	1	1	2	2	8	5	0	2
"109"	1	21	1	40	0	0	1.9	0	0	20	20	0	8	1	0	2	2	280	0	0	-2	2	1	0	0	0	15	4	3	1	0	0	3	0	173	69	2	0	1	1	3	0	7	5	0	0
"110"	0	22	3	46	0	0	2.6	0	3	8	8	1	9	5	0	2	2	230	0	-2	0	-2	1	0	1	2	5	5	3	3	1	0	2	0	186	85	2	1	1	5	1	2	1	4	1	1
"111"	0	22	4	47	0	1	2.1	0	1	1	1	0	7	5	3	1	2	330	0	2	2	-2	1	1	0	1	15	5	3	3	0	0	2	3	192	86	3	0	1	4	2	2	4	1	0	1
"112"	0	19	3	42	1	0	1.5	1	4	1	1	0	7.5	1	0	2	3	300	0	2	1	1	0	0	1	1	14	15	1	2	0	0	2	0	178	67	4	0	1	1	0	1	3	4	1	1
"113"	0	20	4	43	0	0	1.8	1	6	4	4	0	7.5	1	0	2	3	210	0	1	2	2	1	1	0	1	7	2	5	2	0	0	1	0	184	70	1	0	1	3	3	0	6	1	1	1
"114"	0	21	3	42	2	0	1.1	1	2	3	3	0	8	1	0	1	3	300	0	2	1	0	0	0	1	1	12	7	2	2	0	0	2	1	189	70	3	0	1	0	3	2	2	1	1	1
"115"	1	19	1	38	0	0	1.2	0	2	4	4	0	6.5	1	0	2	2	425	1	2	2	0	2	0	1	2	7	2	1	3	1	1	2	2	165	54	3	0	1	1	3	1	3	1	0	1
"116"	1	19	7	37	0	0	1.3	0	1	1	1	0	7.5	4	0	1	2	225	0	2	1	-1	0	1	1	1	20	3	1	3	1	1	4	1	162	50	4	0	1	1	0	1	8	5	1	1
"117"	0	24	1	42	0	0	1.4	1	3	1	1	0	7	2	2	3	1	690	0	2	-2	1	3	1	0	0	20	7	2	2	0	0	1	0	180	73	3	1	1	4	4	2	8	4	0	-2
"118"	0	21	4	46	3	0	1.6	1	6	3	3	0	7.5	2	0	1	2	215	0	2	1	-1	1	1	1	1	14	5	2	2	0	0	2	3	184	82	5	0	1	3	3	2	3	1	1	1
"119"	1	20	1	38	0	0	2.4	0	0	4	3	0	8	2	1	2	2	0	0	1	1	1	1	1	1	1	10	5	1	3	1	0	2	3	173	53	3	0	1	1	4	1	8	1	0	1
"120"	0	21	2	44	2	0	1.2	0	1	2	2	0	8	1	0	1	2	280	1	2	2	0	1	0	1	1	12	4	3	3	1	0	5	2	181	75	3	0	0	5	0	1	1	4	1	1
"121"	0	24	1	45	2	1	2.3	1	3	5	3	1	8	2	0	2	2	250	0	1	0	1	0	1	1	2	12.5	24	2	1	0	0	3	2	190	85	2	1	1	4	2	1	7	2	0	1
"122"	0	20	2	44	3	1	1.6	0	1	3	3	0	9	1	0	2	2	300	1	2	2	2	1	1	0	1	15	3.5	2	3	1	1	3	3	180	70	3	0	1	3	1	1	2	5	1	1
"123"	1	20	2	39	0	0	1.4	0	2	1	1	1	8	1	2	1	2	300	1	2	2	1	2	0	1	1	13	4	1	3	1	0	3	2	170	80	2	0	0	1	0	2	3	1	1	1
"124"	0	21	1	44	1	0	1	0	1	4	4	0	8	1	0	2	3	136	0	2	2	2	1	1	1	1	8	5	1	3	1	1	2	2	182	73	5	0	1	0	0	1	7	1	1	1
"125"	0	21	2	43	3	0	2.1	0	6	7	5	0	7	1	0	3	2	225	1	0	0	1	1	0	0	2	15	0	5	3	1	0	3	0	166	66	4	0	1	3	4	0	2	1	1	-1
"126"	1	19	3	38	0	0	2.1	0	0	8	4	0	7	2	0	2	3	220	0	1	1	1	3	1	0	2	10	4	2	3	1	0	3	1	163	52	2	0	1	5	3	0	3	5	0	1
"127"	0	21	1	44	2	0	1	0	1	3	3	0	7	1	0	2	3	200	0	2	2	1	1	0	0	1	15	2	1	3	1	0	2	2	179	76	3	0	1	3	3	1	3	1	1	1
"128"	0	21	3	43	2	0	1.6	0	1	1	1	1	8	2	0	2	3	0	0	0	-1	0	1	0	1	1	10	8	3	2	0	0	3	2	180	85	2	0	1	4	2	1	2	5	1	1
"129"	0	19	1	45	0	0	1	0	2	3	3	0	9	2	0	1	3	320	0	1	1	-2	1	0	0	2	15	28	3	2	0	0	3	2	180	70	4	0	1	1	2	1	9	0	1	2
"130"	1	20	1	38	0	0	1.3	0	1	3	3	0	8.5	1	0	2	2	215	0	1	0	-1	1	0	1	1	14	10	2	1	0	0	2	1	163	51	2	0	1	3	0	1	3	1	0	1
